2.200000000000000000e+01 1.400000000000000000e+01
2.400000000000000000e+01 5.200000000000000000e+01
3.000000000000000000e+00 2.800000000000000000e+01
2.600000000000000000e+01 3.000000000000000000e+01
1.100000000000000000e+01 0.000000000000000000e+00
1.300000000000000000e+01 3.800000000000000000e+01
1.800000000000000000e+01 5.200000000000000000e+01
7.000000000000000000e+00 0.000000000000000000e+00
1.900000000000000000e+01 8.000000000000000000e+00
2.600000000000000000e+01 2.400000000000000000e+01
0.000000000000000000e+00 3.800000000000000000e+01
7.000000000000000000e+00 3.600000000000000000e+01
